@@@0@@@
57
56
55
61
55
56
59
38
36
36
39
37
37
47
37
42
40
43
40
41
59
41
49
36
51
49
50
53
49
48
25
24
24
24
25
24
24
33
34
34
18
33
33
33
36
58
58
61
58
58
56
60
58
427
433
425
426
429
426
425
469
468
467
472
468
469
468
469
480
480
481
478
480
479
463
283
273
264
271
271
280
271
67
67
67
67
67
70
67
66
114
76
75
64
106
75
72
71
71
71
@@@30@@@
83
75
75
91
71
71
64
71
71
146
149
145
145
198
145
145
468
602
468
469
468
468
468
468
504
472
471
470
568
471
490
469
473
486
468
468
490
467
468
469
468
468
491
467
468
474
468
468
475
467
468
471
467
468
468
468
468
469
468
468
468
472
472
473
472
470
472
471
472
472
471
487
471
472
492
471
472
493
471
471
494
471
471
472
472
472
479
471
471
474
471
472
475
471
472
473
471
471
472
472
@@@60@@@
514
472
458
475
457
457
478
457
457
457
431
546
453
430
430
543
430
358
368
357
357
363
357
358
358
362
402
364
361
361
362
361
362
363
363
360
362
361
356
362
362
357
361
361
376
436
361
377
377
376
396
376
376
414
377
416
439
415
415
421
415
415
423
423
423
426
422
423
424
424
416
417
415
413
415
415
428
423
423
435
422
422
443
422
423
424
423
423
445
423
423
430
424
423
431
423
422
426
423
423
@@@90@@@
178
178
168
59
58
58
61
58
58
75
46
47
40
74
46
46
55
75
67
56
67
68
67
70
67
50
51
50
50
48
51
50
49
30
30
30
28
30
29
29
63
42
42
47
42
42
32
43
18
18
37
17
17
16
17
17
30
31
29
30
45
29
29
42
42
42
41
47
42
42
44
30
30
30
31
29
29
47
63
38
26
38
38
38
41
38
42
44
42
42
40
43
42
42
42
42
42
26
42
42
@@@120@@@
37
37
38
38
38
34
33
37
33
34
32
34
42
38
55
37
65
24
38
37
46
51
46
46
51
46
46
34
34
33
34
53
34
33
32
30
29
30
33
29
29
39
38
38
38
39
38
38
57
38
34
20
34
34
34
36
33
30
30
30
29
28
31
29
29
34
34
33
20
34
33
33
33
26
25
28
25
25
16
26
26
26
44
25
26
22
26
25
30
33
30
29
35
30
29
30
30
30
29
47
@@@150@@@
43
38
57
38
38
33
50
51
50
55
50
50
55
50
59
90
60
58
58
107
58
58
59
59
58
59
60
58
58
42
42
42
40
43
42
42
42
34
34
18
34
33
33
36
34
34
37
34
34
32
34
33
34
51
33
34
18
34
34
38
38
38
37
43
38
38
32
33
34
34
53
34
33
32
30
30
30
33
29
30
35
29
34
34
35
33
34
46
33
30
30
30
29
30
31
29
30
30
30
30
@@@180@@@
46
38
37
32
39
37
37
44
55
55
40
54
54
54
81
54
59
61
58
59
56
59
60
51
51
50
50
36
50
50
50
50
50
56
52
50
50
80
59
59
58
71
59
58
48
59
34
34
54
33
33
32
34
42
43
45
42
42
47
42
42
30
31
29
29
47
29
29
30
42
42
42
45
42
42
47
26
26
24
27
25
25
45
25
46
32
47
46
46
49
46
21
22
21
21
20
22
21
21
30
END
